NUMPOLLIES 6

//Triangle Coords	Texture Coords	Texture (Only First Line)
//X   //Y  //Z		//U //V		//T

// Floor 1
-1.0  0.0 -1.0 		0.0 2.0		0
-1.0  0.0  1.0 		0.0 0.0
 1.0  0.0  1.0 		2.0 0.0

-1.0  0.0 -1.0 		0.0 2.0		0
 1.0  0.0 -1.0 		2.0 2.0
 1.0  0.0  1.0 		2.0 0.0

// Ceiling 1
-1.0  1.0 -1.0 		0.0 2.0		0
-1.0  1.0  1.0 		0.0 0.0
 1.0  1.0  1.0 		2.0 0.0

-1.0  1.0 -1.0 		0.0 2.0		0
 1.0  1.0 -1.0 		2.0 2.0
 1.0  1.0  1.0 		2.0 0.0

// backwall
-1.0  0.0  1.0 		0.0 2.0		2
-1.0  1.0  1.0		0.0 0.0
 1.0  1.0  1.0 		2.0 0.0

-1.0  0.0  1.0 		0.0 2.0		2
 1.0  1.0  1.0 		2.0 2.0
 1.0  0.0  1.0 		2.0 0.0