NUMPOLLIES 20

//Triangle Coords	Texture Coords	Texture (Only First Line)
//X   //Y  //Z		//U //V		//T

// Floor 1
-10.0  0.0 -10.0 		0.0 6.0		0
-10.0  0.0  10.0 		0.0 0.0
 10.0  0.0  10.0 		6.0 0.0

-10.0  0.0 -10.0 		0.0 6.0		0
 10.0  0.0 -10.0 		6.0 6.0
 10.0  0.0  10.0 		6.0 0.0


// Ceiling 1
-10.0 1.5 -10.0 		0.0 6.0		1
-10.0 1.5  10.0 		0.0 0.0
 10.0 1.5  10.0 		6.0 0.0

-10.0 1.5 -10.0 		0.0 6.0		1
 10.0 1.5 -10.0 		6.0 6.0
 10.0 1.5  10.0 		6.0 0.0

// NORTH1
-10.0 1.5 -10.0 		0.0 1.0		2
-10.0 0.0 -10.0 		0.0 0.0
-0.5  0.0 -10.0 		1.5 0.0

-10.0 1.5 -10.0 		0.0 1.0		2
-0.5  1.5 -10.0 		1.5 1.0
-0.5  0.0 -10.0 		1.5 0.0


// NORTH2
 10.0 1.5 -10.0 		2.0 1.0		2
 10.0 0.0 -10.0 		2.0 0.0
 0.5  0.0 -10.0 		0.5 0.0

 10.0 1.5 -10.0 		2.0 1.0		2
 0.5  1.5 -10.0 		0.5 1.0
 0.5  0.0 -10.0 		0.5 0.0


// SOUTH1
-10.0 1.5  10.0 		2.0 1.0		2
-10.0 0.0  10.0 		2.0 0.0
-0.5  0.0  10.0 		0.5 0.0

-10.0 1.5  10.0 		2.0 1.0		2
-0.5  1.5  10.0 		0.5 1.0
-0.5  0.0  10.0 		0.5 0.0


// SOUTH2
 10.0 1.5  10.0 		2.0 1.0		2
 10.0 0.0  10.0 		2.0 0.0
 0.5  0.0  10.0 		0.5 0.0

 10.0 1.5  10.0 		2.0 1.0		2
 0.5  1.5  10.0 		0.5 1.0
 0.5  0.0  10.0 		0.5 0.0


// WEST1
-10.0  1.5 -10.0 		0.0 1.0		2
-10.0  0.0 -10.0 		0.0 0.0
-10.0  0.0 -0.5 		1.5 0.0

-10.0  1.5 -10.0 		0.0 1.0		2
-10.0  1.5 -0.5 		1.5 1.0
-10.0  0.0 -0.5 		1.5 0.0


// WEST2
-10.0  1.5  10.0 		2.0 1.0		2
-10.0  0.0  10.0 		2.0 0.0
-10.0  0.0  0.5 		0.5 0.0

-10.0  1.5  10.0 		2.0 1.0		2
-10.0  1.5  0.5 		0.5 1.0
-10.0  0.0  0.5 		0.5 0.0


// EAST1
 10.0  1.5 -10.0 		0.0 1.0		2
 10.0  0.0 -10.0 		0.0 0.0
 10.0  0.0 -0.5 		1.5 0.0

 10.0  1.5 -10.0 		0.0 1.0		2
 10.0  1.5 -0.5 		1.5 1.0
 10.0  0.0 -0.5 		1.5 0.0


// EAST2
 10.0  1.5  10.0 		2.0 1.0		2
 10.0  0.0  10.0 		2.0 0.0
 10.0  0.0  0.5 		0.5 0.0

 10.0  1.5  10.0 		2.0 1.0		2
 10.0  1.5  0.5 		0.5 1.0
 10.0  0.0  0.5 		0.5 0.0
